1.483138e+00
1.481640e+00
1.480143e+00
1.478646e+00
1.477151e+00
1.475656e+00
1.474162e+00
1.472667e+00
1.471173e+00
1.469677e+00
1.468179e+00
1.466684e+00
1.465187e+00
1.463688e+00
1.462191e+00
1.460690e+00
1.459187e+00
1.457681e+00
1.456176e+00
1.454665e+00
1.453155e+00
1.451641e+00
1.450125e+00
1.448603e+00
1.447078e+00
1.445550e+00
1.444019e+00
1.442483e+00
1.440943e+00
1.439397e+00
1.437848e+00
1.436293e+00
1.434732e+00
1.433165e+00
1.431592e+00
1.430013e+00
1.428427e+00
1.426834e+00
1.425232e+00
1.423626e+00
1.422011e+00
1.420386e+00
1.418754e+00
1.417113e+00
1.415461e+00
1.413800e+00
1.412129e+00
1.410450e+00
1.408755e+00
1.407052e+00
1.405336e+00
1.403610e+00
1.401869e+00
1.400116e+00
1.398349e+00
1.396568e+00
1.394774e+00
1.392964e+00
1.391138e+00
1.389296e+00
1.387436e+00
1.385560e+00
1.383667e+00
1.381738e+00
1.379714e+00
1.377583e+00
1.375352e+00
1.373025e+00
1.370607e+00
1.368098e+00
1.365503e+00
1.362828e+00
1.360071e+00
1.357237e+00
1.354331e+00
1.351353e+00
1.348306e+00
1.345191e+00
1.342012e+00
1.338770e+00
1.335470e+00
1.332109e+00
1.328691e+00
1.325221e+00
1.321697e+00
1.318117e+00
1.314489e+00
1.310816e+00
1.307094e+00
1.303325e+00
1.299512e+00
1.295657e+00
1.291760e+00
1.287826e+00
1.283852e+00
1.279840e+00
1.275794e+00
1.271712e+00
1.267597e+00
1.263451e+00
1.259273e+00
1.255068e+00
1.250832e+00
1.246572e+00
1.242286e+00
1.237975e+00
1.233643e+00
1.229289e+00
1.224917e+00
1.220523e+00
1.216117e+00
1.211693e+00
1.207258e+00
1.202807e+00
1.198347e+00
1.193878e+00
1.189401e+00
1.184921e+00
1.180435e+00
1.175929e+00
1.171369e+00
1.166735e+00
1.162024e+00
1.157235e+00
1.152367e+00
1.147414e+00
1.142383e+00
1.137264e+00
1.132061e+00
1.126769e+00
1.121384e+00
1.115912e+00
1.110342e+00
1.104678e+00
1.098914e+00
1.093050e+00
1.087083e+00
1.081007e+00
1.074883e+00
1.068750e+00
1.062608e+00
1.056455e+00
1.050283e+00
1.044097e+00
1.037892e+00
1.031666e+00
1.025414e+00
1.019133e+00
1.012828e+00
1.006533e+00
1.000275e+00
9.940510e-01
9.878573e-01
9.817042e-01
9.756126e-01
9.695830e-01
9.636121e-01
9.576988e-01
9.518414e-01
9.460397e-01
9.402900e-01
9.345946e-01
9.289474e-01
9.233632e-01
9.178548e-01
9.124136e-01
9.070458e-01
9.017768e-01
8.966165e-01
8.915639e-01
8.866282e-01
8.818083e-01
8.771100e-01
8.725238e-01
8.680534e-01
8.636932e-01
8.594446e-01
8.553052e-01
8.512731e-01
8.473439e-01
8.435225e-01
8.398023e-01
8.361840e-01
8.326654e-01
8.292460e-01
8.259230e-01
8.226972e-01
8.195653e-01
8.165288e-01
8.135839e-01
8.107314e-01
8.079691e-01
8.052945e-01
8.027091e-01
8.002105e-01
7.977986e-01
7.954717e-01
7.932272e-01
7.910686e-01
7.889900e-01
7.869935e-01
7.850757e-01
7.832398e-01
7.814808e-01
7.797995e-01
7.781959e-01
7.766681e-01
7.752151e-01
7.738371e-01
7.725315e-01
7.712998e-01
7.701392e-01
7.690501e-01
7.680321e-01
7.670836e-01
7.662024e-01
7.653899e-01
7.646461e-01
7.639670e-01
7.633567e-01
7.628083e-01
7.623248e-01
7.619081e-01
7.615533e-01
7.612591e-01
7.610297e-01
7.608590e-01
7.607484e-01
7.606997e-01
7.607083e-01
7.607746e-01
7.609010e-01
7.610831e-01
7.613206e-01
7.616162e-01
7.619648e-01
7.623677e-01
7.628245e-01
7.633357e-01
7.638979e-01
7.645144e-01
7.651782e-01
7.658949e-01
7.666612e-01
7.674794e-01
7.683449e-01
7.692571e-01
7.702174e-01
7.712250e-01
7.722793e-01
7.733779e-01
7.745233e-01
7.757106e-01
7.769446e-01
7.782202e-01
7.795396e-01
7.809014e-01
7.823052e-01
7.837477e-01
7.852340e-01
7.867570e-01
7.883205e-01
7.899213e-01
7.915626e-01
7.932410e-01
7.949576e-01
7.967095e-01
7.984972e-01
8.003201e-01
8.021779e-01
8.040729e-01
8.059993e-01
8.079576e-01
8.099513e-01
8.119764e-01
8.140340e-01
8.161216e-01
8.182425e-01
8.203917e-01
8.225718e-01
8.247795e-01
8.270168e-01
8.292861e-01
8.315802e-01
8.339024e-01
8.362508e-01
8.386264e-01
8.410287e-01
8.434558e-01
8.459101e-01
8.483863e-01
8.508902e-01
8.534141e-01
8.559637e-01
8.585391e-01
8.611321e-01
8.637505e-01
8.663912e-01
8.690534e-01
8.717356e-01
8.744402e-01
8.771639e-01
8.799071e-01
8.826690e-01
8.854532e-01
8.882561e-01
8.910742e-01
8.939147e-01
8.967705e-01
8.996458e-01
9.025354e-01
9.054432e-01
9.083695e-01
9.113097e-01
9.142675e-01
9.172416e-01
9.202294e-01
9.232306e-01
9.262509e-01
9.292846e-01
9.323306e-01
9.353919e-01
9.384656e-01
9.415545e-01
9.446540e-01
9.477687e-01
9.508948e-01
9.540348e-01
9.571872e-01
9.603486e-01
9.635224e-01
9.667096e-01
9.699078e-01
9.731159e-01
9.763355e-01
9.795651e-01
9.828062e-01
9.860559e-01
9.893174e-01
9.925895e-01
9.958692e-01
9.991589e-01
1.002458e+00
1.005766e+00
1.009083e+00
1.012410e+00
1.015747e+00
1.019087e+00
1.022439e+00
1.025800e+00
1.029166e+00
1.032543e+00
1.035929e+00
1.039320e+00
1.042718e+00
1.046125e+00
1.049540e+00
1.052960e+00
1.056389e+00
1.059825e+00
1.063267e+00
1.066717e+00
1.070173e+00
1.073637e+00
1.077107e+00
1.080583e+00
1.084066e+00
1.087556e+00
1.091052e+00
1.094554e+00
1.098062e+00
1.101576e+00
1.105097e+00
1.108624e+00
1.112156e+00
1.115695e+00
1.119243e+00
1.122795e+00
1.126353e+00
1.129914e+00
1.133484e+00
1.137059e+00
1.140642e+00
1.144228e+00
1.147823e+00
1.151421e+00
1.155027e+00
1.158641e+00
1.162257e+00
1.165882e+00
1.169513e+00
1.173148e+00
1.176791e+00
1.180439e+00
1.184095e+00
1.187756e+00
1.191424e+00
1.195098e+00
1.198780e+00
1.202468e+00
1.206162e+00
1.209863e+00
1.213572e+00
1.217287e+00
1.221010e+00
1.224739e+00
1.228473e+00
1.232219e+00
1.235970e+00
1.239728e+00
1.243495e+00
1.247271e+00
1.251053e+00
1.254843e+00
1.258643e+00
1.262451e+00
1.266264e+00
1.270091e+00
1.273922e+00
1.277767e+00
1.281617e+00
1.285478e+00
1.289349e+00
1.293231e+00
1.297122e+00
1.301022e+00
1.304934e+00
1.308856e+00
1.312787e+00
1.316731e+00
1.320686e+00
1.324652e+00
1.328630e+00
1.332621e+00
1.336623e+00
1.340638e+00
1.344666e+00
1.348707e+00
1.352762e+00
1.356830e+00
1.360913e+00
1.365009e+00
1.369120e+00
1.373247e+00
1.377388e+00
1.381546e+00
1.385719e+00
1.389910e+00
1.394115e+00
1.398338e+00
1.402582e+00
1.406841e+00
1.411119e+00
1.415416e+00
1.419733e+00
1.424069e+00
1.428425e+00
1.432803e+00
1.437200e+00
1.441621e+00
1.446063e+00
1.450529e+00
1.455019e+00
1.459529e+00
1.464066e+00
1.468631e+00
1.473220e+00
1.477834e+00
1.482474e+00
1.487144e+00
1.491841e+00
1.496568e+00
1.501322e+00
1.506111e+00
1.510930e+00
1.515779e+00
1.520664e+00
1.525580e+00
1.530532e+00
1.535520e+00
1.540544e+00
1.545605e+00
1.550704e+00
1.555842e+00
1.561020e+00
1.566243e+00
1.571505e+00
1.576812e+00
1.582165e+00
1.587561e+00
1.593006e+00
1.598500e+00
1.604042e+00
1.609636e+00
1.615282e+00
1.620983e+00
1.626740e+00
1.632552e+00
1.638424e+00
1.644354e+00
1.650350e+00
1.656405e+00
1.662530e+00
1.668720e+00
1.674978e+00
1.681311e+00
1.687715e+00
1.694197e+00
1.700754e+00
1.707392e+00
1.714112e+00
1.720918e+00
1.727812e+00
1.734797e+00
1.741872e+00
1.749047e+00
1.756319e+00
1.763696e+00
1.771175e+00
1.778763e+00
1.786467e+00
1.794284e+00
1.802224e+00
1.810286e+00
1.818474e+00
1.826799e+00
1.835260e+00
1.843861e+00
1.852610e+00
1.861511e+00
1.870569e+00
1.879790e+00
1.889181e+00
1.898747e+00
1.908493e+00
1.918429e+00
1.928561e+00
1.938897e+00
1.949444e+00
1.960209e+00
1.971203e+00
1.982435e+00
1.993914e+00
2.005650e+00
2.017652e+00
2.029936e+00
2.042511e+00
2.055388e+00
2.068583e+00
2.082109e+00
2.095983e+00
2.110219e+00
2.124833e+00
2.139844e+00
2.155269e+00
2.171135e+00
2.187455e+00
2.204257e+00
2.221563e+00
2.239403e+00
2.257802e+00
2.276789e+00
2.296398e+00
2.316664e+00
2.337624e+00
2.359315e+00
2.381785e+00
2.405074e+00
2.429239e+00
2.454328e+00
2.480407e+00
2.507535e+00
2.535780e+00
2.565220e+00
2.595942e+00
2.628031e+00
2.661584e+00
2.696722e+00
2.733552e+00
2.772214e+00
2.812851e+00
2.855628e+00
2.900730e+00
2.948350e+00
2.998725e+00
3.050654e+00
3.102557e+00
3.154436e+00
3.206286e+00
3.258113e+00
3.309912e+00
3.361682e+00
3.413429e+00
3.465145e+00
3.516842e+00
3.568510e+00
3.620153e+00
3.671770e+00
3.723363e+00
3.774933e+00
3.826477e+00
3.877994e+00
3.929490e+00
3.980961e+00
4.032403e+00
4.083822e+00
4.135220e+00
4.186596e+00
4.237944e+00
4.289266e+00
4.340570e+00
4.391848e+00
4.443107e+00
4.494339e+00
4.545552e+00
4.596738e+00
4.647902e+00
4.699046e+00
4.750163e+00
4.801260e+00
4.852337e+00
4.903394e+00
4.954422e+00
5.005436e+00
5.056419e+00
5.107388e+00
5.158336e+00
5.209260e+00
5.260163e+00
5.311047e+00
5.361909e+00
5.412750e+00
5.463566e+00
5.514368e+00
5.565149e+00
5.615906e+00
5.666642e+00
5.717365e+00
5.768060e+00
5.818740e+00
5.869401e+00
5.920039e+00
5.970660e+00
6.021260e+00
6.071845e+00
6.122405e+00
6.172945e+00
6.223476e+00
6.273978e+00
6.324466e+00
6.374934e+00
6.425385e+00
6.475818e+00
6.526224e+00
6.576623e+00
6.627000e+00
6.677359e+00
6.727698e+00
6.778019e+00
6.828324e+00
6.878619e+00
6.928887e+00
6.979139e+00
7.029373e+00
7.079589e+00
7.129791e+00
7.179976e+00
7.230139e+00
7.280291e+00
7.330427e+00
7.380544e+00
7.430644e+00
7.480727e+00
7.530797e+00
7.580844e+00
7.630881e+00
7.680905e+00
7.730905e+00
7.780889e+00
7.830860e+00
7.880815e+00
7.930757e+00
7.980681e+00
8.030584e+00
8.080482e+00
8.130358e+00
8.180218e+00
8.230068e+00
8.279900e+00
8.329716e+00
8.379515e+00
8.429306e+00
8.479084e+00
8.528839e+00
8.578581e+00
8.628313e+00
8.678028e+00
8.727722e+00
8.777409e+00
8.827082e+00
8.876734e+00
8.926380e+00
8.976009e+00
9.025627e+00
9.075226e+00
9.124815e+00
9.174391e+00
9.223953e+00
9.273497e+00
9.323030e+00
9.372551e+00
9.422058e+00
9.471550e+00
9.521029e+00
9.570496e+00
9.619947e+00
9.669392e+00
9.718817e+00
9.768238e+00
9.817640e+00
9.867031e+00
9.916405e+00
9.965773e+00
1.001512e+01
1.006446e+01
1.011379e+01
1.016310e+01
1.021241e+01
1.026169e+01
1.031097e+01
1.036024e+01
1.040949e+01
1.045874e+01
1.050797e+01
1.055719e+01
1.060639e+01
1.065559e+01
1.070478e+01
1.075394e+01
1.080311e+01
1.085225e+01
1.090139e+01
1.095052e+01
1.099964e+01
1.104874e+01
1.109784e+01
1.114691e+01
1.119598e+01
1.124504e+01
1.129410e+01
1.134313e+01
1.139216e+01
1.144118e+01
1.149019e+01
1.153918e+01
1.158816e+01
1.163714e+01
1.168610e+01
1.173506e+01
1.178400e+01
1.183293e+01
1.188185e+01
1.193077e+01
1.197967e+01
1.202856e+01
1.207744e+01
1.212632e+01
1.217518e+01
1.222403e+01
1.227287e+01
1.232171e+01
1.237053e+01
1.241934e+01
1.246815e+01
1.251694e+01
1.256573e+01
1.261450e+01
1.266327e+01
1.271203e+01
1.276077e+01
1.280950e+01
1.285824e+01
1.290695e+01
1.295566e+01
1.300437e+01
1.305306e+01
1.310174e+01
1.315041e+01
1.319908e+01
1.324774e+01
1.329638e+01
1.334503e+01
1.339365e+01
1.344227e+01
1.349088e+01
1.353949e+01
1.358808e+01
1.363667e+01
1.368525e+01
1.373382e+01
1.378239e+01
1.383094e+01
1.387949e+01
1.392802e+01
1.397654e+01
1.402507e+01
1.407359e+01
1.412209e+01
1.417058e+01
1.421906e+01
1.426755e+01
1.431602e+01
1.436449e+01
1.441294e+01
1.446139e+01
1.450984e+01
1.455826e+01
1.460669e+01
1.465511e+01
1.470351e+01
1.475192e+01
1.480032e+01
1.484871e+01
1.489709e+01
1.494546e+01
1.499382e+01
1.504218e+01
1.509052e+01
1.513888e+01
1.518721e+01
1.523553e+01
1.528386e+01
1.533218e+01
1.538048e+01
1.542879e+01
1.547708e+01
1.552536e+01
1.557365e+01
1.562191e+01
1.567018e+01
1.571844e+01
1.576670e+01
1.581494e+01
1.586318e+01
1.591141e+01
1.595963e+01
1.600786e+01
1.605607e+01
1.610427e+01
1.615247e+01
1.620066e+01
1.624885e+01
1.629703e+01
1.634520e+01
1.639337e+01
1.644153e+01
1.648968e+01
1.653783e+01
1.658598e+01
1.663410e+01
1.668223e+01
1.673036e+01
1.677848e+01
1.682659e+01
1.687469e+01
1.692279e+01
1.697088e+01
1.701897e+01
1.706705e+01
1.711512e+01
1.716319e+01
1.721126e+01
1.725931e+01
1.730737e+01
1.735541e+01
1.740345e+01
1.745148e+01
1.749951e+01
1.754753e+01
1.759555e+01
1.764356e+01
1.769157e+01
1.773957e+01
1.778756e+01
1.783555e+01
1.788354e+01
1.793151e+01
1.797948e+01
1.802745e+01
1.807541e+01
1.812337e+01
1.817133e+01
1.821927e+01
1.826721e+01
1.831515e+01
1.836308e+01
1.841101e+01
1.845894e+01
1.850684e+01
1.855476e+01
1.860266e+01
1.865055e+01
1.869845e+01
1.874634e+01
1.879423e+01
1.884211e+01
1.888998e+01
1.893785e+01
1.898572e+01
1.903359e+01
1.908144e+01
1.912928e+01
1.917714e+01
1.922497e+01
1.927281e+01
1.932064e+01
1.936847e+01
1.941628e+01
1.946411e+01
1.951192e+01
1.955973e+01
1.960753e+01
1.965533e+01
1.970313e+01
1.975092e+01
1.979871e+01
1.984649e+01
1.989427e+01
1.994204e+01
1.998981e+01
2.003757e+01
2.008533e+01
2.013309e+01
2.018084e+01
2.022859e+01
2.027632e+01
2.032406e+01
2.037180e+01
2.041953e+01
2.046726e+01
2.051498e+01
2.056269e+01
2.061040e+01
2.065812e+01
2.070582e+01
2.075352e+01
2.080122e+01
2.084891e+01
2.089660e+01
2.094429e+01
2.099197e+01
2.103964e+01
2.108731e+01
2.113498e+01
2.118265e+01
2.123031e+01
2.127797e+01
2.132562e+01
2.137327e+01
2.142092e+01
2.146857e+01
2.151621e+01
2.156384e+01
2.161147e+01
2.165910e+01
2.170673e+01
2.175434e+01
2.180196e+01
2.184957e+01
2.189718e+01
2.194479e+01
2.199239e+01
2.203999e+01
2.208759e+01
2.213518e+01
2.218277e+01
2.223035e+01
2.227794e+01
2.232552e+01
2.237309e+01
2.242066e+01
2.246823e+01
2.251580e+01
2.256335e+01
2.261091e+01
2.265846e+01
2.270602e+01
2.275356e+01
2.280111e+01
2.284865e+01
2.289619e+01
2.294372e+01
2.299126e+01
2.303878e+01
2.308631e+01
2.313383e+01
2.318136e+01
2.322887e+01
2.327638e+01
2.332389e+01
